 923
515 835
515 845
515 855
515 865
515 875
515 885
345 835
355 835
365 835
375 835
385 835
395 835
405 835
415 835
425 835
435 835
445 835
455 835
465 835
475 835
485 835
495 835
505 835
515 835
215 835
225 835
235 835
245 835
255 835
265 835
275 835
285 835
295 835
305 835
315 835
325 835
335 835
345 835
85 835
95 835
105 835
115 835
125 835
135 835
145 835
155 835
165 835
175 835
185 835
195 835
205 835
215 835
515 735
515 745
515 755
515 765
515 775
515 785
515 795
515 805
515 815
515 825
515 835
515 695
515 705
515 715
515 725
515 735
335 695
345 695
355 695
365 695
375 695
385 695
395 695
405 695
415 695
425 695
435 695
445 695
455 695
465 695
475 695
485 695
495 695
505 695
515 695
155 695
165 695
175 695
185 695
195 695
205 695
215 695
225 695
235 695
245 695
255 695
265 695
275 695
285 695
295 695
305 695
315 695
325 695
335 695
35 695
45 695
55 695
65 695
75 695
85 695
95 695
105 695
115 695
125 695
135 695
145 695
155 695
515 735
525 735
535 735
545 735
555 735
565 735
575 735
585 735
595 735
605 735
615 735
625 735
635 735
645 735
645 735
655 735
665 735
675 735
685 735
695 735
705 735
715 735
725 735
735 735
745 735
755 735
755 735
765 735
775 735
785 735
795 735
805 735
815 735
825 735
835 735
845 735
855 735
865 735
875 735
875 735
875 745
875 755
875 765
875 775
875 785
875 795
875 805
875 815
875 825
875 835
875 845
875 855
875 865
875 875
875 885
875 625
875 635
875 645
875 655
875 665
875 675
875 685
875 695
875 705
875 715
875 725
875 735
755 625
765 625
775 625
785 625
795 625
805 625
815 625
825 625
835 625
845 625
855 625
865 625
875 625
645 625
655 625
665 625
675 625
685 625
695 625
705 625
715 625
725 625
735 625
745 625
755 625
515 625
525 625
535 625
545 625
555 625
565 625
575 625
585 625
595 625
605 625
615 625
625 625
635 625
645 625
515 625
515 635
515 645
515 655
515 665
515 675
515 685
515 695
515 595
515 605
515 615
515 625
335 595
345 595
355 595
365 595
375 595
385 595
395 595
405 595
415 595
425 595
435 595
445 595
455 595
465 595
475 595
485 595
495 595
505 595
515 595
155 595
165 595
175 595
185 595
195 595
205 595
215 595
225 595
235 595
245 595
255 595
265 595
275 595
285 595
295 595
305 595
315 595
325 595
335 595
35 595
45 595
55 595
65 595
75 595
85 595
95 595
105 595
115 595
125 595
135 595
145 595
155 595
35 595
35 605
35 615
35 625
35 635
35 645
35 655
35 665
35 675
35 685
35 695
35 495
35 505
35 515
35 525
35 535
35 545
35 555
35 565
35 575
35 585
35 595
35 495
45 495
55 495
65 495
75 495
85 495
95 495
105 495
115 495
125 495
135 495
145 495
155 495
155 495
165 495
175 495
185 495
195 495
205 495
215 495
225 495
235 495
245 495
255 495
265 495
275 495
285 495
295 495
305 495
315 495
325 495
335 495
335 495
345 495
355 495
365 495
375 495
385 495
395 495
405 495
415 495
425 495
435 495
445 495
455 495
465 495
475 495
485 495
495 495
505 495
515 495
515 495
515 505
515 515
515 525
515 535
515 535
515 545
515 555
515 565
515 575
515 585
515 595
875 535
875 545
875 555
875 565
875 575
875 585
875 595
875 605
875 615
875 625
755 535
765 535
775 535
785 535
795 535
805 535
815 535
825 535
835 535
845 535
855 535
865 535
875 535
645 535
655 535
665 535
675 535
685 535
695 535
705 535
715 535
725 535
735 535
745 535
755 535
515 535
525 535
535 535
545 535
555 535
565 535
575 535
585 535
595 535
605 535
615 535
625 535
635 535
645 535
515 445
515 455
515 465
515 475
515 485
515 495
515 395
515 405
515 415
515 425
515 435
515 445
515 365
515 375
515 385
515 395
335 395
345 395
355 395
365 395
375 395
385 395
395 395
405 395
415 395
425 395
435 395
445 395
455 395
465 395
475 395
485 395
495 395
505 395
515 395
155 395
165 395
175 395
185 395
195 395
205 395
215 395
225 395
235 395
245 395
255 395
265 395
275 395
285 395
295 395
305 395
315 395
325 395
335 395
35 395
45 395
55 395
65 395
75 395
85 395
95 395
105 395
115 395
125 395
135 395
145 395
155 395
35 395
35 405
35 415
35 425
35 435
35 445
35 455
35 465
35 475
35 485
35 495
35 295
35 305
35 315
35 325
35 335
35 345
35 355
35 365
35 375
35 385
35 395
35 205
35 215
35 225
35 235
35 245
35 255
35 265
35 275
35 285
35 295
35 115
35 125
35 135
35 145
35 155
35 165
35 175
35 185
35 195
35 205
35 295
45 295
55 295
65 295
75 295
85 295
95 295
105 295
115 295
125 295
135 295
145 295
145 295
155 295
165 295
175 295
185 295
195 295
205 295
215 295
225 295
235 295
245 295
255 295
255 295
265 295
275 295
285 295
295 295
305 295
315 295
325 295
335 295
345 295
355 295
365 295
375 295
375 295
385 295
395 295
405 295
415 295
425 295
435 295
445 295
455 295
465 295
475 295
485 295
495 295
505 295
515 295
515 295
515 305
515 315
515 325
515 335
515 345
515 355
515 365
515 365
525 365
535 365
545 365
555 365
565 365
575 365
585 365
595 365
605 365
615 365
625 365
635 365
645 365
645 365
655 365
665 365
675 365
685 365
695 365
705 365
715 365
725 365
735 365
745 365
755 365
755 365
765 365
775 365
785 365
795 365
805 365
815 365
825 365
835 365
845 365
855 365
865 365
875 365
875 365
875 375
875 385
875 395
875 405
875 415
875 425
875 435
875 445
875 445
875 455
875 465
875 475
875 485
875 495
875 505
875 515
875 525
875 535
755 445
765 445
775 445
785 445
795 445
805 445
815 445
825 445
835 445
845 445
855 445
865 445
875 445
645 445
655 445
665 445
675 445
685 445
695 445
705 445
715 445
725 445
735 445
745 445
755 445
515 445
525 445
535 445
545 445
555 445
565 445
575 445
585 445
595 445
605 445
615 445
625 445
635 445
645 445
875 295
875 305
875 315
875 325
875 335
875 345
875 355
875 365
515 295
525 295
535 295
545 295
555 295
565 295
575 295
585 295
595 295
605 295
615 295
625 295
635 295
645 295
655 295
665 295
675 295
685 295
695 295
705 295
715 295
725 295
735 295
745 295
755 295
765 295
775 295
785 295
795 295
805 295
815 295
825 295
835 295
845 295
855 295
865 295
875 295
515 205
515 215
515 225
515 235
515 245
515 255
515 265
515 275
515 285
515 295
375 205
385 205
395 205
405 205
415 205
425 205
435 205
445 205
455 205
465 205
475 205
485 205
495 205
505 205
515 205
255 205
265 205
275 205
285 205
295 205
305 205
315 205
325 205
335 205
345 205
355 205
365 205
375 205
145 205
155 205
165 205
175 205
185 205
195 205
205 205
215 205
225 205
235 205
245 205
255 205
35 205
45 205
55 205
65 205
75 205
85 205
95 205
105 205
115 205
125 205
135 205
145 205
255 115
255 125
255 135
255 145
255 155
255 165
255 175
255 185
255 195
255 205
255 205
255 215
255 225
255 235
255 245
255 255
255 265
255 275
255 285
255 295
515 115
515 125
515 135
515 145
515 155
515 165
515 175
515 185
515 195
515 205
415 115
425 115
435 115
445 115
455 115
465 115
475 115
485 115
495 115
505 115
515 115
375 115
385 115
395 115
405 115
415 115
325 115
335 115
345 115
355 115
365 115
375 115
285 115
295 115
305 115
315 115
325 115
255 115
265 115
275 115
285 115
235 115
245 115
255 115
195 115
205 115
215 115
225 115
235 115
145 115
155 115
165 115
175 115
185 115
195 115
95 115
105 115
115 115
125 115
135 115
145 115
35 115
45 115
55 115
65 115
75 115
85 115
95 115
95 85
95 95
95 105
95 115
145 85
145 95
145 105
145 115
195 85
195 95
195 105
195 115
235 85
235 95
235 105
235 115
285 85
285 95
285 105
285 115
325 85
325 95
325 105
325 115
375 85
375 95
375 105
375 115
415 85
415 95
415 105
415 115
515 205
525 205
535 205
545 205
515 115
525 115
535 115
545 115
