308
15 195 15 215
15 215 15 285
15 285 15 305
15 305 15 385
15 385 15 405
85 125 85 95
85 95 85 65
125 125 125 95
125 95 125 65
165 125 165 95
165 95 165 65
195 125 195 95
195 95 195 65
235 125 235 95
235 95 235 65
265 125 265 95
265 95 265 65
305 125 305 95
305 95 305 65
345 125 345 95
345 95 345 65
375 125 375 95
375 95 375 65
415 125 415 95
415 95 415 65
45 125 85 125
85 125 125 125
125 125 165 125
165 125 195 125
195 125 235 125
235 125 265 125
265 125 305 125
305 125 345 125
345 125 375 125
375 125 415 125
415 125 495 125
45 65 85 65
85 65 125 65
125 65 165 65
165 65 195 65
195 65 235 65
235 65 265 65
265 65 305 65
305 65 345 65
345 65 375 65
375 65 415 65
415 65 495 65
495 65 535 65
15 405 15 485
15 485 15 505
15 505 15 585
15 585 15 605
15 605 15 695
15 695 15 755
15 755 15 815
15 815 15 855
45 855 45 815
45 815 45 755
45 755 45 695
45 695 45 605
45 605 45 585
45 585 45 505
45 505 45 485
45 485 45 405
45 405 45 385
45 385 45 305
45 305 45 285
45 285 45 215
45 215 45 195
45 195 45 125
45 125 45 65
45 65 45 5
45 5 85 5
85 5 125 5
125 5 165 5
165 5 195 5
195 5 235 5
235 5 265 5
265 5 305 5
305 5 345 5
345 5 375 5
375 5 415 5
415 5 495 5
495 5 535 5
495 5 495 65
495 65 495 125
495 125 495 195
495 195 495 215
495 215 495 285
495 285 495 305
495 305 495 385
495 385 495 405
495 405 495 485
495 485 495 505
495 505 495 585
495 585 495 605
495 605 495 695
495 695 495 725
495 725 495 755
495 755 495 815
495 815 495 855
535 855 535 815
535 815 535 795
535 795 535 775
535 775 535 755
535 755 535 725
535 725 535 695
535 695 535 605
535 605 535 585
535 585 535 505
535 505 535 485
535 485 535 405
535 405 535 385
535 385 535 305
535 305 535 285
535 285 535 235
535 235 535 215
535 215 535 195
535 195 495 195
495 195 435 195
435 195 335 195
335 195 215 195
215 195 95 195
95 195 45 195
45 195 15 195
15 215 45 215
45 215 155 215
155 215 265 215
265 215 395 215
395 215 495 215
495 215 535 215
15 305 45 305
45 305 155 305
155 305 265 305
265 305 395 305
395 305 495 305
495 305 535 305
535 285 495 285
495 285 435 285
435 285 335 285
335 285 215 285
215 285 95 285
95 285 45 285
45 285 15 285
15 405 45 405
45 405 155 405
155 405 265 405
265 405 395 405
395 405 495 405
495 405 535 405
535 385 495 385
495 385 445 385
445 385 335 385
335 385 215 385
215 385 95 385
95 385 45 385
45 385 15 385
535 405 655 405
655 405 765 405
765 405 865 405
865 405 895 405
865 285 865 305
865 305 865 405
865 405 865 485
865 485 865 505
865 505 865 585
865 585 865 605
865 605 865 695
865 695 865 725
865 725 865 775
865 775 865 795
865 795 865 855
895 855 895 795
895 795 895 775
895 775 895 725
895 725 895 695
895 695 895 605
895 605 895 585
895 585 895 505
895 505 895 485
895 485 895 405
895 405 895 305
895 305 895 285
895 285 865 285
865 285 535 285
535 305 605 305
605 305 705 305
705 305 815 305
815 305 865 305
865 305 895 305
15 505 45 505
45 505 155 505
155 505 265 505
265 505 395 505
395 505 495 505
495 505 535 505
535 505 655 505
655 505 765 505
765 505 865 505
865 505 895 505
895 485 865 485
865 485 815 485
815 485 705 485
705 485 605 485
605 485 535 485
535 485 495 485
495 485 445 485
445 485 335 485
335 485 215 485
215 485 95 485
95 485 45 485
45 485 15 485
15 605 45 605
45 605 155 605
155 605 265 605
265 605 395 605
395 605 495 605
495 605 535 605
535 605 655 605
655 605 765 605
765 605 865 605
865 605 895 605
895 585 865 585
865 585 815 585
815 585 705 585
705 585 605 585
605 585 535 585
535 585 495 585
495 585 445 585
445 585 335 585
335 585 215 585
215 585 95 585
95 585 45 585
45 585 15 585
495 725 535 725
535 725 655 725
655 725 765 725
765 725 865 725
865 725 895 725
895 695 865 695
865 695 815 695
815 695 705 695
705 695 605 695
605 695 535 695
535 695 495 695
495 695 445 695
445 695 335 695
335 695 215 695
215 695 95 695
95 695 45 695
45 695 15 695
15 755 45 755
45 755 95 755
95 755 215 755
215 755 335 755
335 755 445 755
445 755 495 755
495 755 535 755
535 815 495 815
495 815 445 815
445 815 335 815
335 815 215 815
215 815 95 815
95 815 45 815
45 815 15 815
15 855 45 855
45 855 155 855
155 855 265 855
265 855 395 855
395 855 495 855
495 855 535 855
535 855 605 855
605 855 705 855
705 855 815 855
815 855 865 855
865 855 895 855
535 795 655 795
655 795 765 795
765 795 865 795
865 795 895 795
895 775 865 775
865 775 815 775
815 775 705 775
705 775 605 775
605 775 535 775
415 5 415 35
415 35 415 65
375 5 375 35
375 35 375 65
345 5 345 35
345 35 345 65
305 5 305 35
305 35 305 65
265 5 265 35
265 35 265 65
235 5 235 35
235 35 235 65
195 5 195 35
195 35 195 65
165 5 165 35
165 35 165 65
125 5 125 35
125 35 125 65
85 5 85 35
85 35 85 65
535 5 535 65
535 65 535 85
535 85 535 195
