240
7
25 35 115 35 20
115 35 215 35 20
215 35 215 205 20
215 205 115 205 20
115 205 25 205 20
25 205 25 35 20
115 35 115 205 20
96
25 35
35 35
45 35
55 35
65 35
75 35
85 35
95 35
105 35
115 35
115 35
125 35
135 35
145 35
155 35
165 35
175 35
185 35
195 35
205 35
215 35
215 35
215 45
215 55
215 65
215 75
215 85
215 95
215 105
215 115
215 125
215 135
215 145
215 155
215 165
215 175
215 185
215 195
215 205
115 205
125 205
135 205
145 205
155 205
165 205
175 205
185 205
195 205
205 205
215 205
25 205
35 205
45 205
55 205
65 205
75 205
85 205
95 205
105 205
115 205
25 35
25 45
25 55
25 65
25 75
25 85
25 95
25 105
25 115
25 125
25 135
25 145
25 155
25 165
25 175
25 185
25 195
25 205
115 35
115 45
115 55
115 65
115 75
115 85
115 95
115 105
115 115
115 125
115 135
115 145
115 155
115 165
115 175
115 185
115 195
115 205
