915
385
15 195 15 215
15 215 15 285
15 285 15 305
15 305 15 385
15 385 15 405
15 405 15 485
15 485 15 505
15 505 15 585
15 585 15 605
15 605 15 695
15 695 15 755
15 755 15 815
15 815 15 855
495 125 495 195
495 195 495 215
495 215 495 285
495 285 495 305
495 305 495 385
495 385 495 405
495 405 495 485
495 485 495 505
495 505 495 585
495 585 495 605
495 605 495 695
495 695 495 725
495 725 495 755
495 755 495 815
495 815 495 855
535 195 495 195
495 195 435 195
435 195 335 195
335 195 215 195
215 195 95 195
95 195 45 195
45 195 15 195
535 285 495 285
495 285 435 285
435 285 335 285
335 285 215 285
215 285 95 285
95 285 45 285
45 285 15 285
535 385 495 385
495 385 445 385
445 385 335 385
335 385 215 385
215 385 95 385
95 385 45 385
45 385 15 385
865 285 865 305
865 305 865 405
865 405 865 485
865 485 865 505
865 505 865 585
865 585 865 605
865 605 865 695
865 695 865 725
865 725 865 775
865 775 865 795
865 795 865 855
895 285 865 285
865 285 535 285
895 485 865 485
865 485 815 485
815 485 705 485
705 485 605 485
605 485 535 485
535 485 495 485
495 485 445 485
445 485 335 485
335 485 215 485
215 485 95 485
95 485 45 485
45 485 15 485
895 585 865 585
865 585 815 585
815 585 705 585
705 585 605 585
605 585 535 585
535 585 495 585
495 585 445 585
445 585 335 585
335 585 215 585
215 585 95 585
95 585 45 585
45 585 15 585
495 725 535 725
535 725 655 725
655 725 765 725
765 725 865 725
865 725 895 725
895 695 865 695
865 695 815 695
815 695 705 695
705 695 605 695
605 695 535 695
535 695 495 695
495 695 445 695
445 695 335 695
335 695 215 695
215 695 95 695
95 695 45 695
45 695 15 695
535 815 495 815
495 815 445 815
445 815 335 815
335 815 215 815
215 815 95 815
95 815 45 815
45 815 15 815
85 125 85 95
85 95 85 65
85 5 85 35
85 35 85 65
105 5 105 35
105 35 105 65
105 125 105 95
105 95 105 65
125 125 125 95
125 95 125 65
145 125 145 95
145 95 145 65
165 125 165 95
165 95 165 65
185 125 185 95
185 95 185 65
205 125 205 95
205 95 205 65
225 125 225 95
225 95 225 65
245 125 245 95
245 95 245 65
265 125 265 95
265 95 265 65
285 125 285 95
285 95 285 65
305 125 305 95
305 95 305 65
325 125 325 95
325 95 325 65
345 125 345 95
345 95 345 65
365 125 365 95
365 95 365 65
385 125 385 95
385 95 385 65
405 125 405 95
405 95 405 65
425 125 425 95
425 95 425 65
445 125 445 95
445 95 445 65
465 125 465 95
465 95 465 65
45 125 85 125
85 125 105 125
105 125 105 125
105 125 125 125
125 125 145 125
145 125 165 125
165 125 185 125
185 125 205 125
205 125 225 125
225 125 245 125
245 125 265 125
265 125 285 125
285 125 305 125
305 125 325 125
325 125 345 125
345 125 365 125
365 125 385 125
385 125 405 125
405 125 425 125
425 125 445 125
445 125 465 125
465 125 495 125
45 65 85 65
85 65 105 65
105 65 125 65
125 65 145 65
145 65 165 65
165 65 185 65
185 65 205 65
205 65 225 65
225 65 245 65
245 65 265 65
265 65 285 65
285 65 305 65
305 65 325 65
325 65 345 65
345 65 365 65
365 65 385 65
385 65 405 65
405 65 425 65
425 65 445 65
445 65 465 65
465 65 495 65
495 65 515 65
515 65 535 65
125 5 125 35
125 35 125 65
145 5 145 35
145 35 145 65
165 5 165 35
165 35 165 65
185 5 185 35
185 35 185 65
205 5 205 35
205 35 205 65
225 5 225 35
225 35 225 65
245 5 245 35
245 35 245 65
265 5 265 35
265 35 265 65
285 5 285 35
285 35 285 65
305 5 305 35
305 35 305 65
325 5 325 35
325 35 325 65
345 5 345 35
345 35 345 65
365 5 365 35
365 35 365 65
385 5 385 35
385 35 385 65
405 5 405 35
405 35 405 65
425 5 425 35
425 35 425 65
445 5 445 35
445 35 445 65
465 5 465 35
465 35 465 65
495 5 495 35
495 35 495 65
515 5 515 35
515 35 515 65
535 5 535 35
535 35 535 65
495 65 495 125
45 5 85 5
85 5 105 5
105 5 125 5
125 5 145 5
145 5 165 5
165 5 185 5
185 5 205 5
205 5 225 5
225 5 245 5
245 5 265 5
265 5 285 5
285 5 305 5
305 5 325 5
325 5 345 5
345 5 365 5
365 5 385 5
385 5 405 5
405 5 425 5
425 5 445 5
445 5 465 5
465 5 495 5
495 5 515 5
515 5 535 5
895 775 865 775
865 775 815 775
815 775 705 775
705 775 605 775
605 775 535 775
535 65 535 105
535 105 535 195
45 65 45 5
45 125 45 65
45 195 45 125
45 215 45 195
45 285 45 215
45 305 45 285
45 385 45 305
45 405 45 385
45 485 45 405
45 505 45 485
45 585 45 505
45 605 45 585
45 855 45 815
45 815 45 755
45 755 45 695
45 695 45 605
895 855 895 795
895 775 895 725
895 695 895 605
895 585 895 505
895 485 895 405
895 405 895 305
895 305 895 285
895 505 895 485
895 725 895 695
895 605 895 585
895 795 895 775
535 855 535 815
535 815 535 795
535 795 535 775
535 775 535 755
535 755 535 725
535 725 535 695
535 695 535 605
535 605 535 585
535 585 535 505
535 505 535 485
535 485 535 405
535 405 535 385
535 385 535 305
535 305 535 285
535 285 535 245
535 245 535 215
535 215 535 195
15 855 45 855
45 855 155 855
155 855 265 855
265 855 395 855
395 855 495 855
495 855 535 855
535 855 605 855
605 855 705 855
705 855 815 855
815 855 865 855
865 855 895 855
535 795 655 795
655 795 765 795
765 795 865 795
865 795 895 795
15 755 45 755
45 755 95 755
95 755 215 755
215 755 335 755
335 755 445 755
445 755 495 755
495 755 535 755
15 605 45 605
45 605 155 605
155 605 265 605
265 605 395 605
395 605 495 605
495 605 535 605
535 605 655 605
655 605 765 605
765 605 865 605
865 605 895 605
15 505 45 505
45 505 155 505
155 505 265 505
265 505 395 505
395 505 495 505
495 505 535 505
535 505 655 505
655 505 765 505
765 505 865 505
865 505 895 505
15 405 45 405
45 405 155 405
155 405 265 405
265 405 395 405
395 405 495 405
495 405 535 405
535 405 655 405
655 405 765 405
765 405 865 405
865 405 895 405
15 305 45 305
45 305 155 305
155 305 265 305
265 305 395 305
395 305 495 305
495 305 535 305
535 305 605 305
605 305 705 305
705 305 815 305
815 305 865 305
865 305 895 305
15 215 45 215
45 215 155 215
155 215 265 215
265 215 395 215
395 215 495 215
495 215 535 215
127
95 815
215 815
335 815
445 815
395 855
265 855
155 855
95 755
215 755
335 755
445 755
95 695
215 695
335 695
445 695
95 585
215 585
335 585
445 585
155 605
265 605
395 605
95 485
155 505
215 485
265 505
335 485
395 505
445 485
95 385
155 405
215 385
265 405
335 385
395 405
445 385
95 285
155 305
215 285
265 305
335 285
395 305
435 285
95 195
155 215
215 195
265 215
335 195
395 215
435 195
605 305
705 305
815 305
655 405
765 405
815 485
705 485
605 485
655 505
765 505
605 585
655 605
705 585
765 605
815 585
605 695
655 725
705 695
765 725
815 695
605 775
705 775
815 775
765 795
655 795
605 855
705 855
815 855
85 35
85 35
85 35
85 35
85 35
105 95
125 95
145 95
165 95
185 95
205 95
225 95
245 95
265 95
285 95
305 95
325 95
345 95
365 95
385 95
405 95
425 95
445 95
465 95
105 35
125 35
145 35
165 35
185 35
205 35
225 35
245 35
265 35
285 35
305 35
325 35
345 35
365 35
385 35
405 35
425 35
445 35
465 35
85 95
495 35
535 35
515 35
535 105
535 245
