400
12
35 35 195 35 40
195 35 365 35 40
365 35 365 195 40
365 195 365 365 40
365 365 195 365 40
195 365 35 365 40
35 365 35 195 40
35 195 35 35 40
35 195 195 195 40
195 195 365 195 40
195 35 195 195 40
195 195 195 365 40
210
35 35
45 35
55 35
65 35
75 35
85 35
95 35
105 35
115 35
125 35
135 35
145 35
155 35
165 35
175 35
185 35
195 35
195 35
205 35
215 35
225 35
235 35
245 35
255 35
265 35
275 35
285 35
295 35
305 35
315 35
325 35
335 35
345 35
355 35
365 35
365 35
365 45
365 55
365 65
365 75
365 85
365 95
365 105
365 115
365 125
365 135
365 145
365 155
365 165
365 175
365 185
365 195
365 195
365 205
365 215
365 225
365 235
365 245
365 255
365 265
365 275
365 285
365 295
365 305
365 315
365 325
365 335
365 345
365 355
365 365
195 365
205 365
215 365
225 365
235 365
245 365
255 365
265 365
275 365
285 365
295 365
305 365
315 365
325 365
335 365
345 365
355 365
365 365
35 365
45 365
55 365
65 365
75 365
85 365
95 365
105 365
115 365
125 365
135 365
145 365
155 365
165 365
175 365
185 365
195 365
35 195
35 205
35 215
35 225
35 235
35 245
35 255
35 265
35 275
35 285
35 295
35 305
35 315
35 325
35 335
35 345
35 355
35 365
35 35
35 45
35 55
35 65
35 75
35 85
35 95
35 105
35 115
35 125
35 135
35 145
35 155
35 165
35 175
35 185
35 195
35 195
45 195
55 195
65 195
75 195
85 195
95 195
105 195
115 195
125 195
135 195
145 195
155 195
165 195
175 195
185 195
195 195
195 195
205 195
215 195
225 195
235 195
245 195
255 195
265 195
275 195
285 195
295 195
305 195
315 195
325 195
335 195
345 195
355 195
365 195
195 35
195 45
195 55
195 65
195 75
195 85
195 95
195 105
195 115
195 125
195 135
195 145
195 155
195 165
195 175
195 185
195 195
195 195
195 205
195 215
195 225
195 235
195 245
195 255
195 265
195 275
195 285
195 295
195 305
195 315
195 325
195 335
195 345
195 355
195 365
