915
209
15 195 15 215
15 215 15 285
15 285 15 305
15 305 15 385
15 385 15 405
45 125 85 125
85 125 125 125
125 125 165 125
165 125 195 125
195 125 235 125
235 125 265 125
265 125 305 125
305 125 345 125
345 125 375 125
375 125 415 125
415 125 495 125
45 65 85 65
85 65 125 65
125 65 165 65
165 65 195 65
195 65 235 65
235 65 265 65
265 65 305 65
305 65 345 65
345 65 375 65
375 65 415 65
415 65 495 65
495 65 535 65
15 405 15 485
15 485 15 505
15 505 15 585
15 585 15 605
15 605 15 695
15 695 15 755
15 755 15 815
15 815 15 855
45 855 45 815
45 815 45 755
45 755 45 695
45 695 45 605
45 605 45 585
45 585 45 505
45 505 45 485
45 485 45 405
45 405 45 385
45 385 45 305
45 305 45 285
45 285 45 215
45 215 45 195
45 195 45 125
45 125 45 65
45 65 45 5
45 5 85 5
85 5 125 5
125 5 165 5
165 5 195 5
195 5 235 5
235 5 265 5
265 5 305 5
305 5 345 5
345 5 375 5
375 5 415 5
415 5 495 5
495 5 535 5
495 5 495 65
495 65 495 125
495 125 495 195
495 195 495 215
495 215 495 285
495 285 495 305
495 305 495 385
495 385 495 405
495 405 495 485
495 485 495 505
495 505 495 585
495 585 495 605
495 605 495 695
495 695 495 725
495 725 495 755
495 755 495 815
495 815 495 855
535 855 535 815
535 815 535 795
535 795 535 775
535 775 535 755
535 755 535 725
535 725 535 695
535 695 535 605
535 605 535 585
535 585 535 505
535 505 535 485
535 485 535 405
535 405 535 385
535 385 535 305
535 305 535 285
535 215 535 195
535 195 495 195
45 195 15 195
15 215 45 215
495 215 535 215
15 305 45 305
495 305 535 305
535 285 495 285
45 285 15 285
15 405 45 405
495 405 535 405
535 385 495 385
45 385 15 385
865 405 895 405
865 285 865 305
865 305 865 405
865 405 865 485
865 485 865 505
865 505 865 585
865 585 865 605
865 605 865 695
865 695 865 725
865 725 865 775
865 775 865 795
865 795 865 855
895 855 895 795
895 795 895 775
895 775 895 725
895 725 895 695
895 695 895 605
895 605 895 585
895 585 895 505
895 505 895 485
895 485 895 405
895 405 895 305
895 305 895 285
895 285 865 285
865 285 535 285
865 305 895 305
15 505 45 505
495 505 535 505
865 505 895 505
895 485 865 485
535 485 495 485
45 485 15 485
15 605 45 605
495 605 535 605
865 605 895 605
895 585 865 585
535 585 495 585
45 585 15 585
495 725 535 725
865 725 895 725
895 695 865 695
535 695 495 695
45 695 15 695
15 755 45 755
495 755 535 755
535 815 495 815
45 815 15 815
15 855 45 855
495 855 535 855
865 855 895 855
865 795 895 795
895 775 865 775
535 5 535 65
45 195 495 195
45 215 495 215
45 285 495 285
45 305 495 305
45 385 495 385
45 405 495 405
45 485 495 485
45 505 495 505
45 585 495 585
45 605 495 605
45 695 495 695
45 755 495 755
45 815 495 815
45 855 495 855
535 305 865 305
535 405 865 405
535 485 865 485
535 505 865 505
535 585 865 585
865 605 535 605
535 695 865 695
865 725 535 725
865 775 535 775
535 795 865 795
535 855 865 855
85 95 85 95
85 65 85 125
125 65 125 125
85 5 85 65
125 5 125 65
165 5 165 65
195 5 195 65
235 5 235 65
265 5 265 65
305 5 305 65
345 5 345 65
375 5 375 65
415 5 415 65
415 65 415 125
375 65 375 125
345 65 345 125
305 65 305 125
265 65 265 125
235 65 235 125
195 65 195 125
165 65 165 125
535 65 535 195
535 215 535 285
