616
20 190 10 220
10 190 20 220
20 210 10 290
10 210 20 290
20 280 10 310
10 280 20 310
20 300 10 390
10 300 20 390
20 380 10 410
10 380 20 410
80 120 80 100
90 120 90 100
80 90 80 70
90 90 90 70
120 120 120 100
130 120 130 100
120 90 120 70
130 90 130 70
160 120 160 100
170 120 170 100
160 90 160 70
170 90 170 70
190 120 190 100
200 120 200 100
190 90 190 70
200 90 200 70
230 120 230 100
240 120 240 100
230 90 230 70
240 90 240 70
260 120 260 100
270 120 270 100
260 90 260 70
270 90 270 70
300 120 300 100
310 120 310 100
300 90 300 70
310 90 310 70
340 120 340 100
350 120 350 100
340 90 340 70
350 90 350 70
370 120 370 100
380 120 380 100
370 90 370 70
380 90 380 70
410 120 410 100
420 120 420 100
410 90 410 70
420 90 420 70
50 120 80 120
50 130 80 130
90 120 120 120
90 130 120 130
130 120 160 120
130 130 160 130
170 120 190 120
170 130 190 130
200 120 230 120
200 130 230 130
240 120 260 120
240 130 260 130
270 120 300 120
270 130 300 130
310 120 340 120
310 130 340 130
350 120 370 120
350 130 370 130
380 120 410 120
380 130 410 130
420 120 490 120
420 130 490 130
50 60 80 60
50 70 80 70
90 60 120 60
90 70 120 70
130 60 160 60
130 70 160 70
170 60 190 60
170 70 190 70
200 60 230 60
200 70 230 70
240 60 260 60
240 70 260 70
270 60 300 60
270 70 300 70
310 60 340 60
310 70 340 70
350 60 370 60
350 70 370 70
380 60 410 60
380 70 410 70
420 60 490 60
420 70 490 70
500 60 530 60
500 70 530 70
20 400 10 490
10 400 20 490
20 480 10 510
10 480 20 510
20 500 10 590
10 500 20 590
20 580 10 610
10 580 20 610
20 600 10 700
10 600 20 700
20 690 10 760
10 690 20 760
20 750 10 820
10 750 20 820
20 810 10 860
10 810 20 860
40 850 40 820
50 850 50 820
40 810 40 760
50 810 50 760
40 750 40 700
50 750 50 700
40 690 40 610
50 690 50 610
40 600 40 590
50 600 50 590
40 580 40 510
50 580 50 510
40 500 40 490
50 500 50 490
40 480 40 410
50 480 50 410
40 400 40 390
50 400 50 390
40 380 40 310
50 380 50 310
40 300 40 290
50 300 50 290
40 280 40 220
50 280 50 220
40 210 40 200
50 210 50 200
40 190 40 130
50 190 50 130
40 120 40 70
50 120 50 70
40 60 40 10
50 60 50 10
50 0 80 0
50 10 80 10
90 0 120 0
90 10 120 10
130 0 160 0
130 10 160 10
170 0 190 0
170 10 190 10
200 0 230 0
200 10 230 10
240 0 260 0
240 10 260 10
270 0 300 0
270 10 300 10
310 0 340 0
310 10 340 10
350 0 370 0
350 10 370 10
380 0 410 0
380 10 410 10
420 0 490 0
420 10 490 10
500 0 530 0
500 10 530 10
500 0 490 70
490 0 500 70
500 60 490 130
490 60 500 130
500 120 490 200
490 120 500 200
500 190 490 220
490 190 500 220
500 210 490 290
490 210 500 290
500 280 490 310
490 280 500 310
500 300 490 390
490 300 500 390
500 380 490 410
490 380 500 410
500 400 490 490
490 400 500 490
500 480 490 510
490 480 500 510
500 500 490 590
490 500 500 590
500 580 490 610
490 580 500 610
500 600 490 700
490 600 500 700
500 690 490 730
490 690 500 730
500 720 490 760
490 720 500 760
500 750 490 820
490 750 500 820
500 810 490 860
490 810 500 860
530 850 530 820
540 850 540 820
530 810 530 800
540 810 540 800
530 790 530 780
540 790 540 780
530 770 530 760
540 770 540 760
530 750 530 730
540 750 540 730
530 720 530 700
540 720 540 700
530 690 530 610
540 690 540 610
530 600 530 590
540 600 540 590
530 580 530 510
540 580 540 510
530 500 530 490
540 500 540 490
530 480 530 410
540 480 540 410
530 400 530 390
540 400 540 390
530 380 530 310
540 380 540 310
530 300 530 290
540 300 540 290
530 280 530 240
540 280 540 240
530 230 530 220
540 230 540 220
530 210 530 200
540 210 540 200
530 200 500 200
530 190 500 190
490 200 440 200
490 190 440 190
430 200 340 200
430 190 340 190
330 200 220 200
330 190 220 190
210 200 100 200
210 190 100 190
90 200 50 200
90 190 50 190
40 200 20 200
40 190 20 190
20 210 40 210
20 220 40 220
50 210 150 210
50 220 150 220
160 210 260 210
160 220 260 220
270 210 390 210
270 220 390 220
400 210 490 210
400 220 490 220
500 210 530 210
500 220 530 220
20 300 40 300
20 310 40 310
50 300 150 300
50 310 150 310
160 300 260 300
160 310 260 310
270 300 390 300
270 310 390 310
400 300 490 300
400 310 490 310
500 300 530 300
500 310 530 310
530 290 500 290
530 280 500 280
490 290 440 290
490 280 440 280
430 290 340 290
430 280 340 280
330 290 220 290
330 280 220 280
210 290 100 290
210 280 100 280
90 290 50 290
90 280 50 280
40 290 20 290
40 280 20 280
20 400 40 400
20 410 40 410
50 400 150 400
50 410 150 410
160 400 260 400
160 410 260 410
270 400 390 400
270 410 390 410
400 400 490 400
400 410 490 410
500 400 530 400
500 410 530 410
530 390 500 390
530 380 500 380
490 390 450 390
490 380 450 380
440 390 340 390
440 380 340 380
330 390 220 390
330 380 220 380
210 390 100 390
210 380 100 380
90 390 50 390
90 380 50 380
40 390 20 390
40 380 20 380
540 400 650 400
540 410 650 410
660 400 760 400
660 410 760 410
770 400 860 400
770 410 860 410
870 400 890 400
870 410 890 410
870 280 860 310
860 280 870 310
870 300 860 410
860 300 870 410
870 400 860 490
860 400 870 490
870 480 860 510
860 480 870 510
870 500 860 590
860 500 870 590
870 580 860 610
860 580 870 610
870 600 860 700
860 600 870 700
870 690 860 730
860 690 870 730
870 720 860 780
860 720 870 780
870 770 860 800
860 770 870 800
870 790 860 860
860 790 870 860
890 850 890 800
900 850 900 800
890 790 890 780
900 790 900 780
890 770 890 730
900 770 900 730
890 720 890 700
900 720 900 700
890 690 890 610
900 690 900 610
890 600 890 590
900 600 900 590
890 580 890 510
900 580 900 510
890 500 890 490
900 500 900 490
890 480 890 410
900 480 900 410
890 400 890 310
900 400 900 310
890 300 890 290
900 300 900 290
890 290 870 290
890 280 870 280
860 290 540 290
860 280 540 280
540 300 600 300
540 310 600 310
610 300 700 300
610 310 700 310
710 300 810 300
710 310 810 310
820 300 860 300
820 310 860 310
870 300 890 300
870 310 890 310
20 500 40 500
20 510 40 510
50 500 150 500
50 510 150 510
160 500 260 500
160 510 260 510
270 500 390 500
270 510 390 510
400 500 490 500
400 510 490 510
500 500 530 500
500 510 530 510
540 500 650 500
540 510 650 510
660 500 760 500
660 510 760 510
770 500 860 500
770 510 860 510
870 500 890 500
870 510 890 510
890 490 870 490
890 480 870 480
860 490 820 490
860 480 820 480
810 490 710 490
810 480 710 480
700 490 610 490
700 480 610 480
600 490 540 490
600 480 540 480
530 490 500 490
530 480 500 480
490 490 450 490
490 480 450 480
440 490 340 490
440 480 340 480
330 490 220 490
330 480 220 480
210 490 100 490
210 480 100 480
90 490 50 490
90 480 50 480
40 490 20 490
40 480 20 480
20 600 40 600
20 610 40 610
50 600 150 600
50 610 150 610
160 600 260 600
160 610 260 610
270 600 390 600
270 610 390 610
400 600 490 600
400 610 490 610
500 600 530 600
500 610 530 610
540 600 650 600
540 610 650 610
660 600 760 600
660 610 760 610
770 600 860 600
770 610 860 610
870 600 890 600
870 610 890 610
890 590 870 590
890 580 870 580
860 590 820 590
860 580 820 580
810 590 710 590
810 580 710 580
700 590 610 590
700 580 610 580
600 590 540 590
600 580 540 580
530 590 500 590
530 580 500 580
490 590 450 590
490 580 450 580
440 590 340 590
440 580 340 580
330 590 220 590
330 580 220 580
210 590 100 590
210 580 100 580
90 590 50 590
90 580 50 580
40 590 20 590
40 580 20 580
500 720 530 720
500 730 530 730
540 720 650 720
540 730 650 730
660 720 760 720
660 730 760 730
770 720 860 720
770 730 860 730
870 720 890 720
870 730 890 730
890 700 870 700
890 690 870 690
860 700 820 700
860 690 820 690
810 700 710 700
810 690 710 690
700 700 610 700
700 690 610 690
600 700 540 700
600 690 540 690
530 700 500 700
530 690 500 690
490 700 450 700
490 690 450 690
440 700 340 700
440 690 340 690
330 700 220 700
330 690 220 690
210 700 100 700
210 690 100 690
90 700 50 700
90 690 50 690
40 700 20 700
40 690 20 690
20 750 40 750
20 760 40 760
50 750 90 750
50 760 90 760
100 750 210 750
100 760 210 760
220 750 330 750
220 760 330 760
340 750 440 750
340 760 440 760
450 750 490 750
450 760 490 760
500 750 530 750
500 760 530 760
530 820 500 820
530 810 500 810
490 820 450 820
490 810 450 810
440 820 340 820
440 810 340 810
330 820 220 820
330 810 220 810
210 820 100 820
210 810 100 810
90 820 50 820
90 810 50 810
40 820 20 820
40 810 20 810
20 850 40 850
20 860 40 860
50 850 150 850
50 860 150 860
160 850 260 850
160 860 260 860
270 850 390 850
270 860 390 860
400 850 490 850
400 860 490 860
500 850 530 850
500 860 530 860
540 850 600 850
540 860 600 860
610 850 700 850
610 860 700 860
710 850 810 850
710 860 810 860
820 850 860 850
820 860 860 860
870 850 890 850
870 860 890 860
540 790 650 790
540 800 650 800
660 790 760 790
660 800 760 800
770 790 860 790
770 800 860 800
870 790 890 790
870 800 890 800
890 780 870 780
890 770 870 770
860 780 820 780
860 770 820 770
810 780 710 780
810 770 710 770
700 780 610 780
700 770 610 770
600 780 540 780
600 770 540 770
540 0 530 70
530 0 540 70
540 60 530 90
530 60 540 90
540 80 530 200
530 80 540 200
90 0 80 40
80 0 90 40
90 30 80 70
80 30 90 70
130 0 120 40
120 0 130 40
130 30 120 70
120 30 130 70
170 0 160 40
160 0 170 40
170 30 160 70
160 30 170 70
200 0 190 40
190 0 200 40
200 30 190 70
190 30 200 70
240 0 230 40
230 0 240 40
240 30 230 70
230 30 240 70
270 0 260 40
260 0 270 40
270 30 260 70
260 30 270 70
310 0 300 40
300 0 310 40
310 30 300 70
300 30 310 70
350 0 340 40
340 0 350 40
350 30 340 70
340 30 350 70
380 0 370 40
370 0 380 40
380 30 370 70
370 30 380 70
420 0 410 40
410 0 420 40
420 30 410 70
410 30 420 70
