418
200 20 210 20
200 10 210 10
220 20 280 20
220 10 280 10
290 20 300 20
290 10 300 10
310 20 380 20
310 10 380 10
390 20 400 20
390 10 400 10
120 50 120 80
130 50 130 80
120 90 120 120
130 90 130 120
120 130 120 160
130 130 130 160
120 170 120 190
130 170 130 190
120 200 120 230
130 200 130 230
120 240 120 260
130 240 130 260
120 270 120 300
130 270 130 300
120 310 120 340
130 310 130 340
120 350 120 370
130 350 130 370
120 380 120 410
130 380 130 410
120 420 120 490
130 420 130 490
60 50 60 80
70 50 70 80
60 90 60 120
70 90 70 120
60 130 60 160
70 130 70 160
60 170 60 190
70 170 70 190
60 200 60 230
70 200 70 230
60 240 60 260
70 240 70 260
60 270 60 300
70 270 70 300
60 310 60 340
70 310 70 340
60 350 60 370
70 350 70 370
60 380 60 410
70 380 70 410
60 420 60 490
70 420 70 490
60 500 60 530
70 500 70 530
410 20 480 20
410 10 480 10
490 20 500 20
490 10 500 10
510 20 580 20
510 10 580 10
590 20 600 20
590 10 600 10
610 20 690 20
610 10 690 10
700 20 750 20
700 10 750 10
760 20 810 20
760 10 810 10
820 20 850 20
820 10 850 10
850 40 820 40
850 50 820 50
810 40 760 40
810 50 760 50
750 40 700 40
750 50 700 50
690 40 610 40
690 50 610 50
600 40 590 40
600 50 590 50
580 40 510 40
580 50 510 50
500 40 490 40
500 50 490 50
480 40 410 40
480 50 410 50
400 40 390 40
400 50 390 50
380 40 310 40
380 50 310 50
300 40 290 40
300 50 290 50
280 40 220 40
280 50 220 50
210 40 200 40
210 50 200 50
190 40 130 40
190 50 130 50
120 40 70 40
120 50 70 50
60 40 10 40
60 50 10 50
0 50 0 80
10 50 10 80
0 90 0 120
10 90 10 120
0 130 0 160
10 130 10 160
0 170 0 190
10 170 10 190
0 200 0 230
10 200 10 230
0 240 0 260
10 240 10 260
0 270 0 300
10 270 10 300
0 310 0 340
10 310 10 340
0 350 0 370
10 350 10 370
0 380 0 410
10 380 10 410
0 420 0 490
10 420 10 490
0 500 0 530
10 500 10 530
10 500 60 500
10 490 60 490
70 500 120 500
70 490 120 490
130 500 190 500
130 490 190 490
200 500 210 500
200 490 210 490
220 500 280 500
220 490 280 490
290 500 300 500
290 490 300 490
310 500 380 500
310 490 380 490
390 500 400 500
390 490 400 490
410 500 480 500
410 490 480 490
490 500 500 500
490 490 500 490
510 500 580 500
510 490 580 490
590 500 600 500
590 490 600 490
610 500 690 500
610 490 690 490
700 500 720 500
700 490 720 490
730 500 750 500
730 490 750 490
760 500 810 500
760 490 810 490
820 500 850 500
820 490 850 490
850 530 820 530
850 540 820 540
810 530 800 530
810 540 800 540
790 530 780 530
790 540 780 540
770 530 760 530
770 540 760 540
750 530 730 530
750 540 730 540
720 530 700 530
720 540 700 540
690 530 610 530
690 540 610 540
600 530 590 530
600 540 590 540
580 530 510 530
580 540 510 540
500 530 490 530
500 540 490 540
480 530 410 530
480 540 410 540
400 530 390 530
400 540 390 540
380 530 310 530
380 540 310 540
300 530 290 530
300 540 290 540
210 530 200 530
210 540 200 540
200 530 200 500
190 530 190 500
200 40 200 20
190 40 190 20
210 20 210 40
220 20 220 40
210 500 210 530
220 500 220 530
300 20 300 40
310 20 310 40
300 500 300 530
310 500 310 530
290 530 290 500
280 530 280 500
290 40 290 20
280 40 280 20
400 20 400 40
410 20 410 40
400 500 400 530
410 500 410 530
390 530 390 500
380 530 380 500
390 40 390 20
380 40 380 20
400 870 400 890
410 870 410 890
290 870 300 870
290 860 300 860
310 870 400 870
310 860 400 860
410 870 480 870
410 860 480 860
490 870 500 870
490 860 500 860
510 870 580 870
510 860 580 860
590 870 600 870
590 860 600 860
610 870 690 870
610 860 690 860
700 870 720 870
700 860 720 860
730 870 770 870
730 860 770 860
780 870 790 870
780 860 790 860
800 870 850 870
800 860 850 860
850 890 800 890
850 900 800 900
790 890 780 890
790 900 780 900
770 890 730 890
770 900 730 900
720 890 700 890
720 900 700 900
690 890 610 890
690 900 610 900
600 890 590 890
600 900 590 900
580 890 510 890
580 900 510 900
500 890 490 890
500 900 490 900
480 890 410 890
480 900 410 900
400 890 310 890
400 900 310 900
300 890 290 890
300 900 290 900
290 890 290 870
280 890 280 870
290 860 290 540
280 860 280 540
300 870 300 890
310 870 310 890
500 20 500 40
510 20 510 40
500 500 500 530
510 500 510 530
500 870 500 890
510 870 510 890
490 890 490 870
480 890 480 870
490 530 490 500
480 530 480 500
490 40 490 20
480 40 480 20
600 20 600 40
610 20 610 40
600 500 600 530
610 500 610 530
600 870 600 890
610 870 610 890
590 890 590 870
580 890 580 870
590 530 590 500
580 530 580 500
590 40 590 20
580 40 580 20
720 500 720 530
730 500 730 530
720 870 720 890
730 870 730 890
700 890 700 870
690 890 690 870
700 530 700 500
690 530 690 500
700 40 700 20
690 40 690 20
750 20 750 40
760 20 760 40
750 500 750 530
760 500 760 530
820 530 820 500
810 530 810 500
820 40 820 20
810 40 810 20
850 20 850 40
860 20 860 40
850 500 850 530
860 500 860 530
850 870 850 890
860 870 860 890
790 870 790 890
800 870 800 890
780 890 780 870
770 890 770 870
10 540 60 540
10 530 60 530
190 50 190 490
200 50 200 490
210 50 210 490
220 50 220 490
280 50 280 490
290 50 290 490
300 50 300 490
310 50 310 490
380 50 380 490
390 50 390 490
400 50 400 490
410 50 410 490
480 50 480 490
490 50 490 490
500 50 500 490
510 50 510 490
580 50 580 490
590 50 590 490
600 50 600 490
610 50 610 490
690 50 690 490
700 50 700 490
750 50 750 490
760 50 760 490
810 50 810 490
820 50 820 490
850 50 850 490
860 50 860 490
300 540 300 860
310 540 310 860
400 540 400 860
410 540 410 860
480 540 480 860
490 540 490 860
500 540 500 860
510 540 510 860
580 540 580 860
590 540 590 860
610 860 610 540
600 860 600 540
690 540 690 860
700 540 700 860
730 860 730 540
720 860 720 540
780 860 780 540
770 860 770 540
790 540 790 860
800 540 800 860
850 540 850 860
860 540 860 860
100 90 90 90
100 80 90 80
70 90 120 90
70 80 120 80
70 130 120 130
70 120 120 120
10 90 60 90
10 80 60 80
10 130 60 130
10 120 60 120
10 170 60 170
10 160 60 160
10 200 60 200
10 190 60 190
10 240 60 240
10 230 60 230
10 270 60 270
10 260 60 260
10 310 60 310
10 300 60 300
10 350 60 350
10 340 60 340
10 380 60 380
10 370 60 370
10 420 60 420
10 410 60 410
70 420 120 420
70 410 120 410
70 380 120 380
70 370 120 370
70 350 120 350
70 340 120 340
70 310 120 310
70 300 120 300
70 270 120 270
70 260 120 260
70 240 120 240
70 230 120 230
70 200 120 200
70 190 120 190
70 170 120 170
70 160 120 160
70 540 190 540
70 530 190 530
220 540 280 540
220 530 280 530
