295
815 365
605 445
515 215
245 695
875 425
515 395
125 695
485 495
845 445
575 365
515 765
845 295
175 295
145 205
695 295
155 695
605 625
515 495
345 125
365 205
205 835
545 205
425 835
35 395
735 625
665 295
365 125
185 495
245 395
515 625
875 595
275 595
515 355
875 325
335 835
515 535
365 495
305 395
515 715
545 365
515 85
65 205
255 155
425 125
515 265
875 655
395 495
455 395
575 735
455 695
815 625
265 295
545 85
605 295
515 185
175 205
545 535
515 365
785 295
455 205
875 765
425 695
65 495
305 695
635 735
395 205
455 835
95 395
575 445
395 295
665 625
255 235
255 125
515 855
35 695
185 595
635 365
875 385
815 445
205 295
645 535
375 205
645 445
665 535
315 125
265 205
515 505
875 715
125 125
515 685
115 125
605 735
515 235
485 205
485 595
875 445
315 295
315 205
95 695
575 535
255 185
875 825
545 735
125 295
335 695
815 535
365 835
765 735
755 625
215 695
515 725
575 625
395 125
145 835
605 535
205 125
875 885
515 455
65 395
395 595
185 695
215 595
515 825
245 495
185 395
875 395
755 445
255 295
675 535
755 295
145 295
705 625
515 555
515 735
275 495
335 395
265 125
65 125
845 735
875 505
735 735
35 495
875 455
455 495
395 395
705 535
95 295
285 125
515 865
675 735
665 365
95 205
515 595
875 565
65 295
335 595
485 695
125 495
785 625
515 145
515 325
635 445
635 535
875 295
305 595
285 295
845 365
575 295
125 595
35 205
515 695
155 495
145 125
95 125
645 365
125 395
395 695
515 425
255 205
785 535
545 295
705 445
515 155
425 205
645 735
875 735
375 125
425 395
175 125
115 835
735 535
755 365
765 365
755 535
285 205
425 595
705 735
245 595
235 205
875 625
65 695
425 495
785 445
115 295
485 295
255 265
875 355
515 565
235 125
345 205
765 535
735 365
275 835
515 115
35 125
515 295
785 365
455 125
515 475
485 835
875 685
755 735
515 655
765 625
205 205
515 205
95 595
265 835
235 835
155 595
785 735
545 625
875 795
155 395
815 295
515 125
275 695
675 625
335 495
275 395
305 495
365 395
665 445
235 295
365 695
845 535
115 205
485 395
175 835
705 365
395 835
95 495
455 295
875 855
455 595
845 625
35 595
125 205
675 445
255 215
515 795
875 365
425 295
665 735
515 525
675 365
875 745
515 895
65 595
635 625
215 495
875 475
515 445
545 445
35 295
725 295
375 295
295 835
735 445
515 835
765 445
645 625
215 395
515 385
815 735
85 835
345 295
875 535
635 295
305 835
365 295
515 755
605 365
365 595
485 125
