915
86
515 885 515 835 40
515 835 345 835 20
345 835 215 835 20
215 835 85 835 20
515 835 515 735 40
515 735 515 695 40
515 695 335 695 20
335 695 155 695 20
155 695 35 695 20
515 735 645 735 20
645 735 755 735 20
755 735 875 735 20
875 885 875 735 20
875 735 875 625 20
875 625 755 625 20
755 625 645 625 20
645 625 515 625 20
515 625 515 695 40
515 625 515 595 40
515 595 335 595 20
335 595 155 595 20
155 595 35 595 20
35 695 35 595 20
35 595 35 495 20
35 495 155 495 20
155 495 335 495 20
335 495 515 495 20
515 495 515 535 40
515 535 515 595 40
875 625 875 535 20
875 535 755 535 20
755 535 645 535 20
645 535 515 535 20
515 495 515 445 40
515 445 515 395 40
515 395 515 365 40
515 395 335 395 20
335 395 155 395 20
155 395 35 395 20
35 495 35 395 20
35 395 35 295 20
35 295 35 205 20
35 205 35 115 20
35 295 145 295 20
145 295 255 295 20
255 295 375 295 20
375 295 515 295 20
515 295 515 365 40
515 365 645 365 20
645 365 755 365 20
755 365 875 365 20
875 365 875 445 20
875 445 875 535 20
875 445 755 445 20
755 445 645 445 20
645 445 515 445 20
875 365 875 295 20
875 295 515 295 20
515 295 515 205 40
515 205 375 205 20
375 205 255 205 20
255 205 145 205 20
145 205 35 205 20
255 205 255 115 20
255 205 255 295 20
515 205 515 115 40
515 115 415 115 20
415 115 375 115 20
375 115 325 115 20
325 115 285 115 20
285 115 255 115 20
255 115 235 115 20
235 115 195 115 20
195 115 145 115 20
145 115 95 115 20
95 115 35 115 20
95 115 95 85 20
145 115 145 85 20
195 115 195 85 20
235 115 235 85 20
285 115 285 85 20
325 115 325 85 20
375 115 375 85 20
415 115 415 85 20
515 205 545 205 20
515 115 545 115 20
35
85 835
215 835
345 835
335 695
155 695
155 595
335 595
335 495
155 495
155 395
335 395
645 735
755 735
645 625
755 625
755 535
645 535
645 445
755 445
645 365
755 365
375 295
375 205
145 295
145 205
95 85
145 85
195 85
235 85
285 85
325 85
375 85
415 85
545 115
545 205

