915 911
106
70 80 70 110
70 110 100 110
100 110 100 130
100 130 70 130
70 130 70 160
70 160 100 160
100 160 100 180
100 180 70 180
70 180 70 210
70 210 100 210
100 210 100 220
100 220 70 220
70 220 70 250
70 250 100 250
100 250 100 270
100 270 70 270
70 270 70 300
70 300 100 300
100 300 100 310
100 310 70 310
70 310 70 340
70 340 100 340
100 340 100 360
100 360 70 360
70 360 70 390
70 390 100 390
100 390 100 400
100 400 70 400
70 400 70 430
70 430 100 430
100 430 100 560
100 560 130 560
130 560 130 540
130 540 190 540
190 540 190 560
190 560 220 560
220 560 220 540
220 540 280 540
280 540 280 890
280 890 900 890
900 890 900 860
900 860 750 860
750 860 750 540
750 540 900 540
900 540 900 490
900 490 850 490
850 490 850 70
850 70 820 70
820 70 820 490
820 490 710 490
710 490 710 20
710 20 100 20
100 20 100 80
100 80 70 80
130 50 130 240
130 240 190 240
190 240 190 50
190 50 130 50 
130 270 130 490
130 490 190 490
190 490 190 270
190 270 130 270
220 50 220 240
220 240 280 240
280 240 280 50
280 50 220 50
220 270 220 490
220 490 280 490
280 490 280 270
280 270 220 270
310 50 310 490
310 490 380 490
380 490 380 50
380 50 310 50
410 50 410 490
410 490 480 490
480 490 480 50
480 50 410 50
510 50 510 490
510 490 580 490
580 490 580 50
580 50 510 50
610 50 610 490
610 490 680 490
680 490 680 50
680 50 610 50
310 540 310 860
310 860 350 860
350 860 350 540
350 540 310 540
380 540 380 860
380 860 430 860
430 860 430 540
430 540 380 540
460 540 460 860
460 860 520 860
520 860 520 540
520 540 460 540
550 540 550 860
550 860 610 860
610 860 610 540
610 540 550 540
640 540 640 860
640 860 720 860
720 860 720 540
720 540 640 540 
 

























